1000
0000
0000
0000

1200
0000
0000
0000

1220
0000
0000
0000

1222
0000
0000
0000

1222
3000
0000
0000

1222
3100
0000
0000

1222
3130
0000
0000

1222
3133
0000
0000

1222
3133
4000
0000

1222
3133
4400
0000

1222
3133
4410
0000

1222
3133
4414
0000

1222
3133
4414
0000

1222
3133
4414
0000

1222
3133
4414
0000

1222
3133
4414
0000

1222
3133
4414
0000

1222
3133
4414
0000

1222
3133
4414
0000

1222
3133
4414
0000

1222
3133
4414
0000

1222
3133
4414
0000

1222
3133
4414
0000

1222
3133
4414
0000

1222
3133
4414
0000

1222
3133
4414
0000

1222
3133
4414
0000

1222
3133
4414
0000

1222
3133
4414
0000

1222
3133
4414
0000

1222
3133
4414
0000

1222
3133
4414
0000
